0 0.84859375 0.7653645833333332 0.24249999999999994 0.45583300000000015
0 0.0458984375 0.6891149166666666 0.091875 0.18583300000000014
0 0.0645703125 0.5332809166666667 0.025625000000000002 0.05999999999999991
0 0.2481640625 0.7639059166666667 0.39375 0.46833400000000003
0 0.11046875 0.5910940833333332 0.08625 0.15916600000000006
0 0.4791015625 0.88578125 0.37749999999999995 0.2266670000000001
0 0.4402734375 0.4606770833333333 0.12374999999999997 0.09750000000000007
0 0.506875 0.4281253333333333 0.033125000000000016 0.07416600000000002
0 0.6929296875 0.7226041666666667 0.07000000000000006 0.256667
0 0.704609375 0.4457815833333334 0.04437500000000005 0.14333299999999985
0 0.757890625 0.39359375 0.0824999999999999 0.11833299999999995
0 0.8157421875 0.41994791666666664 0.02312499999999995 0.06166699999999999
