0 0.03359375 0.462110853372434 0.05625 0.126761
0 0.5375005 0.5372900058651027 0.921875 0.917841
0 0.1046875 0.44538947507331383 0.048437999999999995 0.112676
0 0.164452625 0.4412800263929618 0.051563 0.11971800000000007
0 0.2943354375 0.4228039941348974 0.029687999999999992 0.08685399999999997
0 0.3091801875 0.4139995454545455 0.021874000000000005 0.091549
0 0.335937 0.4181089941348973 0.03125 0.08685399999999997
0 0.4171875 0.40608261583577715 0.046875 0.07042300000000003
0 0.4646479375 0.40080985923753665 0.014062999999999992 0.04225299999999994
0 0.5037104375 0.393175513196481 0.029688000000000048 0.06103300000000004
0 0.54140675 0.3955293079178886 0.02499999999999991 0.03755899999999997
