0 0.1328125 0.8716940805270863 0.266875 0.253283
0 0.1919140625 0.8559044978038067 0.30000000000000004 0.285178
0 0.5362890625 0.7146229956076134 0.925 0.5684799999999999
0 0.6241015624999999 0.6852174436310395 0.6287499999999999 0.6257039999999999
0 0.7059765625000001 0.5007467130307467 0.4725 0.448406
0 0.72015625 0.5777503147877013 0.47812499999999997 0.621013
0 0.7140625 0.7958587803806735 0.45437500000000003 0.4052529999999999
0 0.7528515625 0.34622488433382137 0.37750000000000006 0.294559
0 0.815 0.38136397657393845 0.3137500000000001 0.363978
0 0.8583984375 0.3364761727672035 0.24875000000000003 0.32270200000000004
0 0.879296875 0.3485579150805271 0.21499999999999997 0.31707299999999994
0 0.8884765625 0.3197303689604685 0.22125000000000006 0.282364
